0.000000000000000000e+00 0.000000000000000000e+00 0.000000000000000000e-02 0.000000000000000000e+00 0.000000000000000000e+00 -1.450000000000000000e+01 5.379998228175974617e+00 1.000000000000000000e+02 5.000000152243427864e-01 0.000000000000000000e+00
0.000000000000000000e+00 0.000000000000000000e+00 5.211779976669106418e-01 0.000000000000000000e+00 0.000000000000000000e+00 -1.450000000000000000e+01 5.379960789472627347e+00 1.000000000000000000e+02 5.000003369152362653e-01 0.000000000000000000e+00
0.000000000000000000e+00 0.000000000000000000e+00 1.012102221729484164e+00 0.000000000000000000e+00 0.000000000000000000e+00 -1.450000000000000000e+01 5.379927151411107111e+00 1.000000000000000000e+02 5.000006259492331129e-01 0.000000000000000000e+00
0.000000000000000000e+00 0.000000000000000000e+00 1.502171778952382297e+00 0.000000000000000000e+00 0.000000000000000000e+00 -1.450000000000000000e+01 5.379929102082964931e+00 1.000000000000000000e+02 5.000006091881458170e-01 0.000000000000000000e+00
0.000000000000000000e+00 0.000000000000000000e+00 1.989689859052027110e+00 0.000000000000000000e+00 0.000000000000000000e+00 -1.450000000000000000e+01 5.379997607293304895e+00 1.000000000000000000e+02 5.000000205592579627e-01 0.000000000000000000e+00
0.000000000000000000e+00 0.000000000000000000e+00 2.472994674800871095e+00 0.000000000000000000e+00 0.000000000000000000e+00 -1.450000000000000000e+01 5.380145577184192618e+00 9.980093939253430335e+01 4.999987491325753597e-01 0.000000000000000000e+00
0.000000000000000000e+00 0.000000000000000000e+00 2.950482031971652042e+00 0.000000000000000000e+00 0.000000000000000000e+00 -1.450000000000000000e+01 5.380316528692989486e+00 9.946995455238987915e+01 4.999972802370560854e-01 0.000000000000000000e+00
0.000000000000000000e+00 0.000000000000000000e+00 3.420626023111656089e+00 0.000000000000000000e+00 0.000000000000000000e+00 -1.450000000000000000e+01 5.380440018211223752e+00 9.900433321447705737e+01 4.999962191572137615e-01 0.000000000000000000e+00
0.000000000000000000e+00 0.000000000000000000e+00 3.881997516880843158e+00 0.000000000000000000e+00 0.000000000000000000e+00 -1.450000000000000000e+01 5.380452527744894020e+00 9.840105743824793194e+01 4.999961116694349728e-01 0.000000000000000000e+00
0.000000000000000000e+00 0.000000000000000000e+00 4.333280000000002907e+00 0.000000000000000000e+00 0.000000000000000000e+00 -1.450000000000000000e+01 5.380299081822433216e+00 9.765986231080425739e+01 4.999974301487484230e-01 0.000000000000000000e+00
0.000000000000000000e+00 0.000000000000000000e+00 4.784207829011407398e+00 0.000000000000000000e+00 0.000000000000000000e+00 -1.450000000000000000e+01 5.379923399632039249e+00 9.675943152711526807e+01 5.000006403242954756e-01 0.000000000000000000e+00
0.000000000000000000e+00 0.000000000000000000e+00 5.245392589887447166e+00 0.000000000000000000e+00 0.000000000000000000e+00 -1.450000000000000000e+01 5.379742811345709974e+00 9.567518478548092276e+01 4.999950101303174410e-01 0.000000000000000000e+00
0.000000000000000000e+00 0.000000000000000000e+00 5.716920180993638745e+00 0.000000000000000000e+00 0.000000000000000000e+00 -1.450000000000000000e+01 5.381464480031190156e+00 9.442929598171689065e+01 4.999313162126894361e-01 0.000000000000000000e+00
0.000000000000000000e+00 0.000000000000000000e+00 6.198868512010407450e+00 0.000000000000000000e+00 0.000000000000000000e+00 -1.450000000000000000e+01 5.386630972272294926e+00 9.303112120737453949e+01 4.996625399627860897e-01 0.000000000000000000e+00
0.000000000000000000e+00 0.000000000000000000e+00 6.691307004003046011e+00 0.000000000000000000e+00 0.000000000000000000e+00 -1.449685407102712453e+01 5.396463174820293140e+00 9.147837226402218391e+01 4.989808436863719110e-01 0.000000000000000000e+00
0.000000000000000000e+00 0.000000000000000000e+00 7.194296087057407085e+00 0.000000000000000000e+00 0.000000000000000000e+00 -1.448494068337425134e+01 5.411180951763804536e+00 8.977377135862441548e+01 4.977778309583598126e-01 0.000000000000000000e+00
0.000000000000000000e+00 0.000000000000000000e+00 7.707886697328651060e+00 0.000000000000000000e+00 0.000000000000000000e+00 -1.446602217785417466e+01 5.430414002059102963e+00 8.792367432943673577e+01 4.960008611720957972e-01 0.000000000000000000e+00
0.000000000000000000e+00 0.000000000000000000e+00 8.232119775480985169e+00 0.000000000000000000e+00 0.000000000000000000e+00 -1.442951782386507986e+01 5.453892636342361655e+00 8.593530424782539967e+01 4.936179864674775097e-01 0.000000000000000000e+00
0.000000000000000000e+00 0.000000000000000000e+00 8.767025768624886695e+00 0.000000000000000000e+00 0.000000000000000000e+00 -1.437702897350122733e+01 5.481500779345392260e+00 8.381662114397562391e+01 4.906243468127645113e-01 0.000000000000000000e+00
0.000000000000000000e+00 0.000000000000000000e+00 9.312624137980787253e+00 0.000000000000000000e+00 0.000000000000000000e+00 -1.430515618525335064e+01 5.513086902967554437e+00 8.157722588696286437e+01 4.870165518615651723e-01 0.000000000000000000e+00
0.000000000000000000e+00 0.000000000000000000e+00 9.868925954486922336e+00 0.000000000000000000e+00 0.000000000000000000e+00 -1.420317437465518395e+01 5.548396560752389739e+00 7.922881003037137759e+01 4.827734998456582050e-01 0.000000000000000000e+00
0.000000000000000000e+00 0.000000000000000000e+00 1.043591802569748594e+01 0.000000000000000000e+00 0.000000000000000000e+00 -1.407630736426085782e+01 5.587097533433219354e+00 7.678515599720043383e+01 4.778662960591116837e-01 0.000000000000000000e+00
0.000000000000000000e+00 0.000000000000000000e+00 1.101359643084039419e+01 0.000000000000000000e+00 0.000000000000000000e+00 -1.391706680547861907e+01 5.628804646929311595e+00 7.426186137432955547e+01 4.722959649390697234e-01 0.000000000000000000e+00
0.000000000000000000e+00 0.000000000000000000e+00 1.160191929219146445e+01 0.000000000000000000e+00 0.000000000000000000e+00 -1.371686073012522122e+01 5.673082138000938635e+00 7.167627876854199087e+01 4.662064516105419720e-01 0.000000000000000000e+00
0.000000000000000000e+00 0.000000000000000000e+00 1.220085703117362996e+01 0.000000000000000000e+00 0.000000000000000000e+00 -1.348438202164650512e+01 5.719438145580791222e+00 6.904765464679471165e+01 4.598006117159303408e-01 0.000000000000000000e+00
0.000000000000000000e+00 0.000000000000000000e+00 1.281034371766019930e+01 0.000000000000000000e+00 0.000000000000000000e+00 -1.321532032238850896e+01 5.767319281093992167e+00 6.639778125236378514e+01 4.532820933426112142e-01 0.000000000000000000e+00
0.000000000000000000e+00 0.000000000000000000e+00 1.343031238013427497e+01 0.000000000000000000e+00 0.000000000000000000e+00 -1.289997256575694351e+01 5.816127806944868972e+00 6.375208974677282470e+01 4.467414687189232847e-01 0.000000000000000000e+00
0.000000000000000000e+00 0.000000000000000000e+00 1.406067837483612948e+01 0.000000000000000000e+00 0.000000000000000000e+00 -1.255182762464602497e+01 5.865207389496541523e+00 6.113903832642328240e+01 4.402304562436351043e-01 0.000000000000000000e+00
0.000000000000000000e+00 0.000000000000000000e+00 1.470134231639709554e+01 0.000000000000000000e+00 0.000000000000000000e+00 -1.217566714221066881e+01 5.913828420265977215e+00 5.858932402443235077e+01 4.338047513316717896e-01 0.000000000000000000e+00
0.000000000000000000e+00 0.000000000000000000e+00 1.535218978574832960e+01 0.000000000000000000e+00 0.000000000000000000e+00 -1.175675414048566125e+01 5.961112267358934957e+00 5.613157477931931538e+01 4.275155656880740285e-01 0.000000000000000000e+00
0.000000000000000000e+00 0.000000000000000000e+00 1.601309107339926285e+01 0.000000000000000000e+00 0.000000000000000000e+00 -1.131750914519978402e+01 6.006049314547211360e+00 5.379352055945300037e+01 4.214119318437618000e-01 0.000000000000000000e+00
0.000000000000000000e+00 0.000000000000000000e+00 1.668390096082825380e+01 0.000000000000000000e+00 0.000000000000000000e+00 -1.088183367483597408e+01 6.047550527649044660e+00 5.160458961100425768e+01 4.155460062927650022e-01 0.000000000000000000e+00
0.000000000000000000e+00 0.000000000000000000e+00 1.736445854264416155e+01 0.000000000000000000e+00 0.000000000000000000e+00 -1.042812532920171975e+01 6.084778048874817102e+00 4.958183968240843598e+01 4.099574850266217152e-01 0.000000000000000000e+00
0.000000000000000000e+00 0.000000000000000000e+00 1.805458709206793344e+01 0.000000000000000000e+00 0.000000000000000000e+00 -9.976211793482784529e+00 6.117385675347693841e+00 4.771966430956000238e+01 4.046621614331637473e-01 0.000000000000000000e+00
0.000000000000000000e+00 0.000000000000000000e+00 1.875409397214879803e+01 0.000000000000000000e+00 0.000000000000000000e+00 -9.566394742828446596e+00 6.145068247974548648e+00 4.600904782242756852e+01 3.996732978339125886e-01 0.000000000000000000e+00
0.000000000000000000e+00 0.000000000000000000e+00 1.946277059496926398e+01 0.000000000000000000e+00 0.000000000000000000e+00 -9.211909774817410579e+00 6.167559990379600343e+00 4.444008059291783752e+01 3.950009964128921580e-01 0.000000000000000000e+00
0.000000000000000000e+00 0.000000000000000000e+00 2.018039243090587931e+01 0.000000000000000000e+00 0.000000000000000000e+00 -8.885400890121275097e+00 6.184844016879730511e+00 4.300471034257394365e+01 3.906389350826596218e-01 0.000000000000000000e+00
0.000000000000000000e+00 0.000000000000000000e+00 2.090671906980124461e+01 0.000000000000000000e+00 0.000000000000000000e+00 -8.586912898753769952e+00 6.197011178194924419e+00 4.169484443532015661e+01 3.865733051889470584e-01 0.000000000000000000e+00
0.000000000000000000e+00 0.000000000000000000e+00 2.164149433566552716e+01 0.000000000000000000e+00 0.000000000000000000e+00 -8.316334665024838202e+00 6.204177965396763916e+00 4.050123335348658316e+01 3.827880463680625178e-01 0.000000000000000000e+00
0.000000000000000000e+00 0.000000000000000000e+00 2.238445055224000058e+01 0.000000000000000000e+00 0.000000000000000000e+00 -8.068459646071564961e+00 6.206452216066734806e+00 3.941249574523535415e+01 3.792682889922474598e-01 0.000000000000000000e+00
0.000000000000000000e+00 0.000000000000000000e+00 2.313528828867057641e+01 0.000000000000000000e+00 0.000000000000000000e+00 -7.839383826874972705e+00 6.203918117285158296e+00 3.841472966618633933e+01 3.760019760295590929e-01 0.000000000000000000e+00
0.000000000000000000e+00 0.000000000000000000e+00 2.389372178071469222e+01 0.000000000000000000e+00 0.000000000000000000e+00 -7.625887019882419793e+00 6.196677999508541035e+00 3.749263985524541454e+01 3.729754877366858734e-01 0.000000000000000000e+00
0.000000000000000000e+00 0.000000000000000000e+00 2.465941741456962788e+01 0.000000000000000000e+00 0.000000000000000000e+00 -7.426221098251001074e+00 6.184853691779038876e+00 3.663117805634800561e+01 3.701750479922237824e-01 0.000000000000000000e+00
0.000000000000000000e+00 0.000000000000000000e+00 2.543206065051159470e+01 0.000000000000000000e+00 0.000000000000000000e+00 -7.239757062419204026e+00 6.168572922288260152e+00 3.582391359907304462e+01 3.675949609119548156e-01 0.000000000000000000e+00
0.000000000000000000e+00 0.000000000000000000e+00 2.621128931261384309e+01 0.000000000000000000e+00 0.000000000000000000e+00 -7.062415469896040854e+00 6.147978087082000442e+00 3.506796839352251993e+01 3.652326674917402149e-01 0.000000000000000000e+00
0.000000000000000000e+00 0.000000000000000000e+00 2.699676187113634640e+01 0.000000000000000000e+00 0.000000000000000000e+00 -6.890019914008333579e+00 6.123230336132129636e+00 3.436011785999815515e+01 3.630846308673857381e-01 0.000000000000000000e+00
0.000000000000000000e+00 0.000000000000000000e+00 2.778808965814681287e+01 0.000000000000000000e+00 0.000000000000000000e+00 -6.724315165194743926e+00 6.094497016070341999e+00 3.369739215532697330e+01 3.611433258694278781e-01 0.000000000000000000e+00
0.000000000000000000e+00 0.000000000000000000e+00 2.858490638372018466e+01 0.000000000000000000e+00 0.000000000000000000e+00 -6.564245169214468767e+00 6.061933135957711549e+00 3.307763468587923228e+01 3.593934221472296353e-01 0.000000000000000000e+00
0.000000000000000000e+00 0.000000000000000000e+00 2.938679939772625360e+01 0.000000000000000000e+00 0.000000000000000000e+00 -6.406037565713761595e+00 6.025707684564963529e+00 3.249863335779529905e+01 3.578176167509568573e-01 0.000000000000000000e+00
0.000000000000000000e+00 0.000000000000000000e+00 3.019338030273260998e+01 0.000000000000000000e+00 0.000000000000000000e+00 -6.246445329863022700e+00 5.986004182394925266e+00 3.195791235048613999e+01 3.563973943830582858e-01 0.000000000000000000e+00
0.000000000000000000e+00 0.000000000000000000e+00 3.100421984524605179e+01 0.000000000000000000e+00 0.000000000000000000e+00 -6.086777373682213721e+00 5.943030787399973036e+00 3.145235794567438603e+01 3.551137889069227449e-01 0.000000000000000000e+00
0.000000000000000000e+00 0.000000000000000000e+00 3.181889719067923394e+01 0.000000000000000000e+00 0.000000000000000000e+00 -5.928821155919315800e+00 5.897015812863625861e+00 3.097827298664422457e+01 3.539472881300647078e-01 0.000000000000000000e+00
0.000000000000000000e+00 0.000000000000000000e+00 3.263697872766723407e+01 0.000000000000000000e+00 0.000000000000000000e+00 -5.774219390828110754e+00 5.848201355069331697e+00 3.053176058140340388e+01 3.528775300920444224e-01 0.000000000000000000e+00
0.000000000000000000e+00 0.000000000000000000e+00 3.345802337376631641e+01 0.000000000000000000e+00 0.000000000000000000e+00 -5.624842493304614166e+00 5.796838998168307278e+00 3.010898320061390265e+01 3.518932630490356206e-01 0.000000000000000000e+00
0.000000000000000000e+00 0.000000000000000000e+00 3.428158350516641661e+01 0.000000000000000000e+00 0.000000000000000000e+00 -5.479639396878543067e+00 5.743176250990018161e+00 2.970721649214027948e+01 3.510364374169949175e-01 0.000000000000000000e+00
0.000000000000000000e+00 0.000000000000000000e+00 3.510720591687706360e+01 0.000000000000000000e+00 0.000000000000000000e+00 -5.335232264225708398e+00 5.687464982195716168e+00 2.932405719846542880e+01 3.503675931378149588e-01 0.000000000000000000e+00
0.000000000000000000e+00 0.000000000000000000e+00 3.593443280909319526e+01 0.000000000000000000e+00 0.000000000000000000e+00 -5.188275578288888745e+00 5.629965003489902919e+00 2.895702214546933462e+01 3.499476172540313401e-01 0.000000000000000000e+00
0.000000000000000000e+00 0.000000000000000000e+00 3.676280279523657413e+01 0.000000000000000000e+00 0.000000000000000000e+00 -5.039923707825212595e+00 5.570897928865912618e+00 2.860436204536033244e+01 3.497948764913809683e-01 0.000000000000000000e+00
0.000000000000000000e+00 0.000000000000000000e+00 3.759185192699450795e+01 0.000000000000000000e+00 0.000000000000000000e+00 -4.890673423663556285e+00 5.510382220381915275e+00 2.826621089300248357e+01 3.498245626853704882e-01 0.000000000000000000e+00
0.000000000000000000e+00 0.000000000000000000e+00 3.842111473153939016e+01 0.000000000000000000e+00 0.000000000000000000e+00 -4.739027054929272786e+00 5.448524080513221790e+00 2.794295421296441262e+01 3.499359081706004959e-01 0.000000000000000000e+00
0.000000000000000000e+00 0.000000000000000000e+00 3.925012525601324853e+01 0.000000000000000000e+00 0.000000000000000000e+00 -4.583574946805476280e+00 5.385432975439357506e+00 2.763493870534047758e+01 3.500291490039209585e-01 0.000000000000000000e+00
0.000000000000000000e+00 0.000000000000000000e+00 4.007841811430259327e+01 0.000000000000000000e+00 0.000000000000000000e+00 -4.424412048296906264e+00 5.321226232344408835e+00 2.734225560754494211e+01 3.500574129316413319e-01 0.000000000000000000e+00
0.000000000000000000e+00 0.000000000000000000e+00 4.090552953110929479e+01 0.000000000000000000e+00 0.000000000000000000e+00 -4.262521707882119593e+00 5.256030068102390373e+00 2.706467453680497925e+01 3.500427704267596307e-01 0.000000000000000000e+00
0.000000000000000000e+00 0.000000000000000000e+00 4.173099837834652703e+01 0.000000000000000000e+00 0.000000000000000000e+00 -4.098837794075007146e+00 5.189972621754444404e+00 2.680191510197341387e+01 3.500117966440378092e-01 0.000000000000000000e+00
0.000000000000000000e+00 0.000000000000000000e+00 4.255436719895017461e+01 0.000000000000000000e+00 0.000000000000000000e+00 -3.933935314404090278e+00 5.123182822761365607e+00 2.655367272538465073e+01 3.499897765304130215e-01 0.000000000000000000e+00
0.000000000000000000e+00 0.000000000000000000e+00 4.337518321329967819e+01 0.000000000000000000e+00 0.000000000000000000e+00 -3.767114411577815680e+00 5.055788484692195439e+00 2.631968916513550383e+01 3.499845107427340118e-01 0.000000000000000000e+00
0.000000000000000000e+00 0.000000000000000000e+00 4.419299930358261719e+01 0.000000000000000000e+00 0.000000000000000000e+00 -3.599093008947575001e+00 4.987915995565046501e+00 2.609974085301832503e+01 3.499894452213409557e-01 0.000000000000000000e+00
0.000000000000000000e+00 0.000000000000000000e+00 4.500737942712107298e+01 0.000000000000000000e+00 0.000000000000000000e+00 -3.430775609530642534e+00 4.919690542291894175e+00 2.589357975947492463e+01 3.499977131719988477e-01 0.000000000000000000e+00
0.000000000000000000e+00 0.000000000000000000e+00 4.581788169893864193e+01 0.000000000000000000e+00 0.000000000000000000e+00 -3.262586632021812427e+00 4.851237069659615209e+00 2.570093544241327166e+01 3.500030378144392551e-01 0.000000000000000000e+00
0.000000000000000000e+00 0.000000000000000000e+00 4.662408608187889314e+01 0.000000000000000000e+00 0.000000000000000000e+00 -3.093927385893918469e+00 4.782677128105439657e+00 2.552148758294796593e+01 3.500041170043104444e-01 0.000000000000000000e+00
0.000000000000000000e+00 0.000000000000000000e+00 4.742557735554994736e+01 0.000000000000000000e+00 0.000000000000000000e+00 -2.925543412318932557e+00 4.714130047114212907e+00 2.535488244835110194e+01 3.500027020777207731e-01 0.000000000000000000e+00
0.000000000000000000e+00 0.000000000000000000e+00 4.822195040336850269e+01 0.000000000000000000e+00 0.000000000000000000e+00 -2.758262010982552415e+00 4.645712367423045386e+00 2.520074949486525639e+01 3.500005370449232323e-01 0.000000000000000000e+00
0.000000000000000000e+00 0.000000000000000000e+00 4.901281097883576621e+01 0.000000000000000000e+00 0.000000000000000000e+00 -2.592438608828185220e+00 4.577537688400586724e+00 2.505870578261566806e+01 3.499991810618123256e-01 0.000000000000000000e+00
0.000000000000000000e+00 0.000000000000000000e+00 4.979777642381515079e+01 0.000000000000000000e+00 0.000000000000000000e+00 -2.427546206884770630e+00 4.509718800189189025e+00 2.492837718926536184e+01 3.499989070657411605e-01 0.000000000000000000e+00
0.000000000000000000e+00 0.000000000000000000e+00 5.057647633637041906e+01 0.000000000000000000e+00 0.000000000000000000e+00 -2.264184448007233730e+00 4.442365980031599548e+00 2.480939037391893720e+01 3.499992687818767045e-01 0.000000000000000000e+00
0.000000000000000000e+00 0.000000000000000000e+00 5.134855318608953922e+01 0.000000000000000000e+00 0.000000000000000000e+00 -2.102999095973055788e+00 4.375584948163602661e+00 2.470136186889538266e+01 3.499998303995383586e-01 0.000000000000000000e+00
0.000000000000000000e+00 0.000000000000000000e+00 5.211366287519190621e+01 0.000000000000000000e+00 0.000000000000000000e+00 -1.944269572492954623e+00 4.309474785790812668e+00 2.460389545737443839e+01 3.500001998818268456e-01 0.000000000000000000e+00
0.000000000000000000e+00 0.000000000000000000e+00 5.287147524409304822e+01 0.000000000000000000e+00 0.000000000000000000e+00 -1.787454073604405780e+00 4.244107643360390369e+00 2.451653482070251044e+01 3.500002894780240292e-01 0.000000000000000000e+00
0.000000000000000000e+00 0.000000000000000000e+00 5.362167452047630434e+01 0.000000000000000000e+00 0.000000000000000000e+00 -1.633114845423269346e+00 4.179536841839068373e+00 2.443878573280352384e+01 3.500002089393294269e-01 0.000000000000000000e+00
0.000000000000000000e+00 0.000000000000000000e+00 5.436395971129186222e+01 0.000000000000000000e+00 0.000000000000000000e+00 -1.481878811661506923e+00 4.115812175936125250e+00 2.437015577359738217e+01 3.500000658093473938e-01 0.000000000000000000e+00
0.000000000000000000e+00 0.000000000000000000e+00 5.509804493746677423e+01 0.000000000000000000e+00 0.000000000000000000e+00 -1.334175254377308883e+00 4.052980007423926168e+00 2.431016259058278450e+01 3.499999589984401638e-01 0.000000000000000000e+00
0.000000000000000000e+00 0.000000000000000000e+00 5.582365971146202099e+01 0.000000000000000000e+00 0.000000000000000000e+00 -1.189467421871758690e+00 3.991079900924860091e+00 2.425847484840729962e+01 3.499999248265546758e-01 0.000000000000000000e+00
0.000000000000000000e+00 0.000000000000000000e+00 5.654054915815062543e+01 0.000000000000000000e+00 0.000000000000000000e+00 -1.047939198354075341e+00 3.930144671539707257e+00 2.421491023615985583e+01 3.499999382289229466e-01 0.000000000000000000e+00
0.000000000000000000e+00 0.000000000000000000e+00 5.724847417981254694e+01 0.000000000000000000e+00 0.000000000000000000e+00 -9.099262165784187673e-01 3.870204078126859848e+00 2.417928065895473466e+01 3.499999729318329922e-01 0.000000000000000000e+00
0.000000000000000000e+00 0.000000000000000000e+00 5.794721156634486192e+01 0.000000000000000000e+00 0.000000000000000000e+00 -7.757212368729642371e-01 3.811285016796192249e+00 2.415138440820777888e+01 3.500000045251073777e-01 0.000000000000000000e+00
0.000000000000000000e+00 0.000000000000000000e+00 5.863655405206685600e+01 0.000000000000000000e+00 0.000000000000000000e+00 -6.450837186713901383e-01 3.753412007627509706e+00 2.413072792388941679e+01 3.500000182036541729e-01 0.000000000000000000e+00
0.000000000000000000e+00 0.000000000000000000e+00 5.931631032075896570e+01 0.000000000000000000e+00 0.000000000000000000e+00 -5.179036959072070845e-01 3.696607794123310420e+00 2.411618777450599183e+01 3.500000181496974450e-01 0.000000000000000000e+00
0.000000000000000000e+00 0.000000000000000000e+00 5.998630496080951247e+01 0.000000000000000000e+00 0.000000000000000000e+00 -3.942901356601986040e-01 3.640892373589102782e+00 2.410661869959968584e+01 3.500000107427939100e-01 0.000000000000000000e+00
0.000000000000000000e+00 0.000000000000000000e+00 6.064637837255282449e+01 0.000000000000000000e+00 0.000000000000000000e+00 -2.743357883905105932e-01 3.586282890881987484e+00 2.410095163006475261e+01 3.500000018615805342e-01 0.000000000000000000e+00
0.000000000000000000e+00 0.000000000000000000e+00 6.129638663006706167e+01 0.000000000000000000e+00 0.000000000000000000e+00 -1.580140646183663400e-01 3.532793668210800764e+00 2.409819817797789909e+01 3.499999964379152395e-01 0.000000000000000000e+00
0.000000000000000000e+00 0.000000000000000000e+00 6.193620478020145015e+01 0.000000000000000000e+00 0.000000000000000000e+00 -4.511263392103476849e-02 3.480435708762541047e+00 2.409748507735106315e+01 3.499999950281616479e-01 0.000000000000000000e+00
0.000000000000000000e+00 0.000000000000000000e+00 6.256571264253257425e+01 0.000000000000000000e+00 0.000000000000000000e+00 6.435638631867436621e-02 3.429218118060581855e+00 2.409802995804766823e+01 3.499999961053552600e-01 0.000000000000000000e+00
0.000000000000000000e+00 0.000000000000000000e+00 6.318481560157117372e+01 0.000000000000000000e+00 0.000000000000000000e+00 1.703806413305035405e-01 3.379146659820269072e+00 2.409911770853437218e+01 3.499999982557671085e-01 0.000000000000000000e+00
0.000000000000000000e+00 0.000000000000000000e+00 6.379343022116367479e+01 0.000000000000000000e+00 0.000000000000000000e+00 2.729566623897871636e-01 3.330225011912768984e+00 2.410009902495295364e+01 3.500000001957658258e-01 0.000000000000000000e+00
0.000000000000000000e+00 0.000000000000000000e+00 6.439148745382648542e+01 0.000000000000000000e+00 0.000000000000000000e+00 3.721184630495414924e-01 3.282454735550094149e+00 2.410056458725460971e+01 3.500000011161522040e-01 0.000000000000000000e+00
0.000000000000000000e+00 0.000000000000000000e+00 6.497893228402188015e+01 0.000000000000000000e+00 0.000000000000000000e+00 4.680149989106968667e-01 3.235835626074078153e+00 2.410061799609878008e+01 3.500000012217380219e-01 0.000000000000000000e+00
0.000000000000000000e+00 0.000000000000000000e+00 6.555572334479423091e+01 0.000000000000000000e+00 0.000000000000000000e+00 5.608127275950343105e-01 3.190365437641716095e+00 2.410043174584581749e+01 3.500000008535333884e-01 0.000000000000000000e+00
0.000000000000000000e+00 0.000000000000000000e+00 6.612183251061038902e+01 0.000000000000000000e+00 0.000000000000000000e+00 6.506690822072835889e-01 3.146039925417446259e+00 2.410016159382925949e+01 3.500000003194604914e-01 0.000000000000000000e+00
0.000000000000000000e+00 0.000000000000000000e+00 6.667724446922134973e+01 0.000000000000000000e+00 0.000000000000000000e+00 7.377083849276440120e-01 3.102852940221493938e+00 2.409994639665366378e+01 3.499999998940297452e-01 0.000000000000000000e+00
0.000000000000000000e+00 0.000000000000000000e+00 6.722195627531665707e+01 0.000000000000000000e+00 0.000000000000000000e+00 8.217649359813328225e-01 3.060794837574642990e+00 2.409985272315745775e+01 3.499999997088432679e-01 0.000000000000000000e+00
0.000000000000000000e+00 0.000000000000000000e+00 6.775597688868117530e+01 0.000000000000000000e+00 0.000000000000000000e+00 9.030162138399077110e-01 3.019851756231468620e+00 2.409984798405333706e+01 3.499999996994743179e-01 0.000000000000000000e+00
0.000000000000000000e+00 0.000000000000000000e+00 6.827932669948812361e+01 0.000000000000000000e+00 0.000000000000000000e+00 9.817484761902284252e-01 2.980008586434952367e+00 2.409989450458741089e+01 3.499999997914423622e-01 0.000000000000000000e+00
0.000000000000000000e+00 0.000000000000000000e+00 6.879203982568704134e+01 0.000000000000000000e+00 0.000000000000000000e+00 1.058222792700661996e+00 2.941249133422729312e+00 2.409995861960892682e+01 3.499999999181935828e-01 0.000000000000000000e+00
0.000000000000000000e+00 0.000000000000000000e+00 6.929414970803894391e+01 0.000000000000000000e+00 0.000000000000000000e+00 1.132652535074402111e+00 2.903557227928251994e+00 2.410001055532680780e+01 3.500000000208671747e-01 0.000000000000000000e+00
0.000000000000000000e+00 0.000000000000000000e+00 6.978571910257500122e+01 0.000000000000000000e+00 0.000000000000000000e+00 1.204802883354457288e+00 2.866911767903008279e+00 2.410003490160380224e+01 3.500000000689982294e-01 0.000000000000000000e+00
0.000000000000000000e+00 0.000000000000000000e+00 7.026679842090082673e+01 0.000000000000000000e+00 0.000000000000000000e+00 1.274732018531390176e+00 2.831287838116934630e+00 2.410003835519628623e+01 3.500000000758258234e-01 0.000000000000000000e+00
0.000000000000000000e+00 0.000000000000000000e+00 7.073746835945566147e+01 0.000000000000000000e+00 0.000000000000000000e+00 1.342671918609737558e+00 2.796658813129857979e+00 2.410002913617242370e+01 3.500000000576004577e-01 0.000000000000000000e+00
0.000000000000000000e+00 0.000000000000000000e+00 7.119779718449899519e+01 0.000000000000000000e+00 0.000000000000000000e+00 1.408828611127259434e+00 2.763000136499228709e+00 2.410001453135486571e+01 3.500000000287277202e-01 0.000000000000000000e+00
0.000000000000000000e+00 0.000000000000000000e+00 7.164788153191919662e+01 0.000000000000000000e+00 0.000000000000000000e+00 1.473389580343937189e+00 2.730286283889782784e+00 2.410000095325642633e+01 3.500000000018846924e-01 0.000000000000000000e+00
0.000000000000000000e+00 0.000000000000000000e+00 7.208780551886447086e+01 0.000000000000000000e+00 0.000000000000000000e+00 1.536320067764474384e+00 2.698496238191611774e+00 2.409999310837569197e+01 3.499999999863758759e-01 0.000000000000000000e+00
0.000000000000000000e+00 0.000000000000000000e+00 7.251767974834616837e+01 0.000000000000000000e+00 0.000000000000000000e+00 1.597490884665882627e+00 2.667620450917198571e+00 2.409999057607014095e+01 3.499999999813696583e-01 0.000000000000000000e+00
0.000000000000000000e+00 0.000000000000000000e+00 7.293760222356154088e+01 0.000000000000000000e+00 0.000000000000000000e+00 1.657031432196679033e+00 2.637653213163865473e+00 2.409999154840527069e+01 3.499999999832918429e-01 0.000000000000000000e+00
0.000000000000000000e+00 0.000000000000000000e+00 7.334769559587329013e+01 0.000000000000000000e+00 0.000000000000000000e+00 1.715062543711690202e+00 2.608585569751324940e+00 2.409999443019526666e+01 3.499999999889888969e-01 0.000000000000000000e+00
0.000000000000000000e+00 0.000000000000000000e+00 7.374806985174349450e+01 0.000000000000000000e+00 0.000000000000000000e+00 1.771690344273382234e+00 2.580408132883588834e+00 2.409999782437599691e+01 3.499999999956988628e-01 0.000000000000000000e+00
0.000000000000000000e+00 0.000000000000000000e+00 7.413885784634123866e+01 0.000000000000000000e+00 0.000000000000000000e+00 1.827005349176543447e+00 2.553108565206442471e+00 2.410000052043520213e+01 3.500000000010287660e-01 0.000000000000000000e+00
0.000000000000000000e+00 0.000000000000000000e+00 7.452017972758893904e+01 0.000000000000000000e+00 0.000000000000000000e+00 1.880924131185107040e+00 2.526655228544370413e+00 2.410000189921084868e+01 3.500000000037544745e-01 0.000000000000000000e+00
0.000000000000000000e+00 0.000000000000000000e+00 7.489217680070527194e+01 0.000000000000000000e+00 0.000000000000000000e+00 1.933450628561491191e+00 2.500979734836088042e+00 2.410000225524333928e+01 3.500000000044583559e-01 0.000000000000000000e+00
0.000000000000000000e+00 0.000000000000000000e+00 7.525497764915384380e+01 0.000000000000000000e+00 0.000000000000000000e+00 1.984650887885316628e+00 2.476017428885168847e+00 2.410000194424537767e+01 3.500000000038436254e-01 0.000000000000000000e+00
0.000000000000000000e+00 0.000000000000000000e+00 7.560873037791691331e+01 0.000000000000000000e+00 0.000000000000000000e+00 2.034587241474185682e+00 2.451709505326843175e+00 2.410000127722973318e+01 3.500000000025249025e-01 0.000000000000000000e+00
0.000000000000000000e+00 0.000000000000000000e+00 7.595357038712114672e+01 0.000000000000000000e+00 0.000000000000000000e+00 2.083314303219525154e+00 2.428004632803725027e+00 2.410000052418039473e+01 3.500000000010362045e-01 0.000000000000000000e+00
0.000000000000000000e+00 0.000000000000000000e+00 7.628965104380792184e+01 0.000000000000000000e+00 0.000000000000000000e+00 2.130883858204124515e+00 2.404856230152529584e+00 2.409999991726938262e+01 3.499999999998363864e-01 0.000000000000000000e+00
0.000000000000000000e+00 0.000000000000000000e+00 7.661711306066463578e+01 0.000000000000000000e+00 0.000000000000000000e+00 2.177328169665933011e+00 2.382208378800059645e+00 2.409999958547565058e+01 3.499999999991805222e-01 0.000000000000000000e+00
0.000000000000000000e+00 0.000000000000000000e+00 7.693611364755709303e+01 0.000000000000000000e+00 0.000000000000000000e+00 2.222638077541480239e+00 2.359974450128301093e+00 2.409999947488086747e+01 3.499999999989618082e-01 0.000000000000000000e+00
0.000000000000000000e+00 0.000000000000000000e+00 7.724679744508857482e+01 0.000000000000000000e+00 0.000000000000000000e+00 2.266798973712871756e+00 2.338075719654795659e+00 2.409999951433007936e+01 3.499999999990398014e-01 0.000000000000000000e+00
0.000000000000000000e+00 0.000000000000000000e+00 7.754932420823121220e+01 0.000000000000000000e+00 0.000000000000000000e+00 2.309803290849678170e+00 2.316444402303045269e+00 2.409999964191383626e+01 3.499999999992919886e-01 0.000000000000000000e+00
0.000000000000000000e+00 0.000000000000000000e+00 7.784384442904980972e+01 0.000000000000000000e+00 0.000000000000000000e+00 2.351646590035463280e+00 2.295024176860096521e+00 2.409999980414546883e+01 3.499999999996127320e-01 0.000000000000000000e+00
0.000000000000000000e+00 0.000000000000000000e+00 7.813050967184825879e+01 0.000000000000000000e+00 0.000000000000000000e+00 2.392328611023883944e+00 2.273768366964061372e+00 2.409999995518789362e+01 3.499999999999114375e-01 0.000000000000000000e+00
0.000000000000000000e+00 0.000000000000000000e+00 7.840948134279705073e+01 0.000000000000000000e+00 0.000000000000000000e+00 2.431895646033621183e+00 2.252638115241408556e+00 2.410000005820550584e+01 3.500000000001150524e-01 0.000000000000000000e+00
0.000000000000000000e+00 0.000000000000000000e+00 7.868090864046672550e+01 0.000000000000000000e+00 0.000000000000000000e+00 2.470473484208463244e+00 2.231601631107104744e+00 2.410000010849444152e+01 3.500000000002144729e-01 0.000000000000000000e+00
0.000000000000000000e+00 0.000000000000000000e+00 7.894495280235886980e+01 0.000000000000000000e+00 0.000000000000000000e+00 2.508020906955671592e+00 2.210632229984075270e+00 2.410000012027217053e+01 3.500000000002377876e-01 0.000000000000000000e+00
0.000000000000000000e+00 0.000000000000000000e+00 7.920176305889586388e+01 0.000000000000000000e+00 0.000000000000000000e+00 2.544491194328530437e+00 2.189710580849721921e+00 2.410000010626362155e+01 3.500000000002099765e-01 0.000000000000000000e+00
0.000000000000000000e+00 0.000000000000000000e+00 7.945149959848544086e+01 0.000000000000000000e+00 0.000000000000000000e+00 2.579850022011838107e+00 2.168822111775729145e+00 2.410000007745934880e+01 3.500000000001531886e-01 0.000000000000000000e+00
0.000000000000000000e+00 0.000000000000000000e+00 7.969431083161437357e+01 0.000000000000000000e+00 0.000000000000000000e+00 2.614071124851104155e+00 2.147958131466364939e+00 2.410000004328374601e+01 3.500000000000855760e-01 0.000000000000000000e+00
0.000000000000000000e+00 0.000000000000000000e+00 7.993035512741050752e+01 0.000000000000000000e+00 0.000000000000000000e+00 2.647138345975057039e+00 2.127113342333537549e+00 2.410000001174833884e+01 3.500000000000232370e-01 0.000000000000000000e+00
0.000000000000000000e+00 0.000000000000000000e+00 8.015977933217159546e+01 0.000000000000000000e+00 0.000000000000000000e+00 2.679071958393828279e+00 2.106287778903717989e+00 2.409999998937427890e+01 3.499999999999791056e-01 0.000000000000000000e+00
0.000000000000000000e+00 0.000000000000000000e+00 8.038273932980581549e+01 0.000000000000000000e+00 0.000000000000000000e+00 2.710018303938994677e+00 2.085496631061678485e+00 2.409999997744867173e+01 3.499999999999554579e-01 0.000000000000000000e+00
0.000000000000000000e+00 0.000000000000000000e+00 8.059937975949029010e+01 0.000000000000000000e+00 0.000000000000000000e+00 2.739983373297213642e+00 2.064767676561677145e+00 2.409999997338810118e+01 3.499999999999474087e-01 0.000000000000000000e+00
0.000000000000000000e+00 0.000000000000000000e+00 8.080985345159453459e+01 0.000000000000000000e+00 0.000000000000000000e+00 2.768958129739214957e+00 2.044126496078846777e+00 2.409999997482604428e+01 3.499999999999502398e-01 0.000000000000000000e+00
0.000000000000000000e+00 0.000000000000000000e+00 8.101430228982273718e+01 0.000000000000000000e+00 0.000000000000000000e+00 2.796938068350255158e+00 2.023597867078829271e+00 2.409999997972361996e+01 3.499999999999599543e-01 0.000000000000000000e+00
0.000000000000000000e+00 0.000000000000000000e+00 8.121287557327944739e+01 0.000000000000000000e+00 0.000000000000000000e+00 2.823925048394005266e+00 2.003203996125126007e+00 2.409999998633626106e+01 3.499999999999729994e-01 0.000000000000000000e+00
0.000000000000000000e+00 0.000000000000000000e+00 8.140571196936332399e+01 0.000000000000000000e+00 0.000000000000000000e+00 2.849924190548752012e+00 1.982966364730861297e+00 2.409999999318281638e+01 3.499999999999865441e-01 0.000000000000000000e+00
0.000000000000000000e+00 0.000000000000000000e+00 8.159295685154683042e+01 0.000000000000000000e+00 0.000000000000000000e+00 2.874945654968031228e+00 1.962903990145572708e+00 2.409999999901796386e+01 3.499999999999980904e-01 0.000000000000000000e+00
0.000000000000000000e+00 0.000000000000000000e+00 8.177474529041577966e+01 0.000000000000000000e+00 0.000000000000000000e+00 2.899041181357724373e+00 1.943027468553086168e+00 2.410000000292287936e+01 3.500000000000057510e-01 0.000000000000000000e+00
0.000000000000000000e+00 0.000000000000000000e+00 8.195121841552636965e+01 0.000000000000000000e+00 0.000000000000000000e+00 2.922300044056958424e+00 1.923290143352052617e+00 2.410000000498971318e+01 3.500000000000098033e-01 0.000000000000000000e+00
0.000000000000000000e+00 0.000000000000000000e+00 8.212250739329024896e+01 0.000000000000000000e+00 0.000000000000000000e+00 2.944725187057496196e+00 1.903631137148062979e+00 2.410000000568096112e+01 3.500000000000112466e-01 0.000000000000000000e+00
0.000000000000000000e+00 0.000000000000000000e+00 8.228874885996299327e+01 0.000000000000000000e+00 0.000000000000000000e+00 2.966321685760954896e+00 1.884001136851199520e+00 2.410000000539788800e+01 3.500000000000105804e-01 0.000000000000000000e+00
0.000000000000000000e+00 0.000000000000000000e+00 8.245006983652267252e+01 0.000000000000000000e+00 0.000000000000000000e+00 2.987097062140319004e+00 1.864362705385674612e+00 2.410000000448499335e+01 3.500000000000088596e-01 0.000000000000000000e+00
0.000000000000000000e+00 0.000000000000000000e+00 8.260660227845565373e+01 0.000000000000000000e+00 0.000000000000000000e+00 3.007062695326199186e+00 1.844687146846280434e+00 2.410000000323598712e+01 3.500000000000064171e-01 0.000000000000000000e+00
0.000000000000000000e+00 0.000000000000000000e+00 8.275847051978423963e+01 0.000000000000000000e+00 0.000000000000000000e+00 3.026231767013017659e+00 1.824954741460718788e+00 2.410000000189941360e+01 3.500000000000037526e-01 0.000000000000000000e+00
0.000000000000000000e+00 0.000000000000000000e+00 8.290579678162754362e+01 0.000000000000000000e+00 0.000000000000000000e+00 3.044619590919386276e+00 1.805152956356428806e+00 2.410000000068364656e+01 3.500000000000013101e-01 0.000000000000000000e+00
0.000000000000000000e+00 0.000000000000000000e+00 8.304870576582892738e+01 0.000000000000000000e+00 0.000000000000000000e+00 3.062241907476260572e+00 1.785274630430299547e+00 2.409999999976032115e+01 3.499999999999995337e-01 0.000000000000000000e+00
0.000000000000000000e+00 0.000000000000000000e+00 8.318731344742076317e+01 0.000000000000000000e+00 0.000000000000000000e+00 3.079099207330982857e+00 1.765309141715183383e+00 2.409999999919427793e+01 3.499999999999984235e-01 0.000000000000000000e+00
0.000000000000000000e+00 0.000000000000000000e+00 8.332173960655030953e+01 0.000000000000000000e+00 0.000000000000000000e+00 3.095237558489550622e+00 1.745235687198753771e+00 2.409999999891451594e+01 3.499999999999978684e-01 0.000000000000000000e+00
0.000000000000000000e+00 0.000000000000000000e+00 8.345209565349186676e+01 0.000000000000000000e+00 0.000000000000000000e+00 3.110710469180469673e+00 1.725040862253258256e+00 2.409999999884809441e+01 3.499999999999978684e-01 0.000000000000000000e+00
0.000000000000000000e+00 0.000000000000000000e+00 8.357849642549203395e+01 0.000000000000000000e+00 0.000000000000000000e+00 3.125566847303456353e+00 1.704717406726871554e+00 2.409999999893226530e+01 3.499999999999979794e-01 0.000000000000000000e+00
0.000000000000000000e+00 0.000000000000000000e+00 8.370104874478096235e+01 0.000000000000000000e+00 0.000000000000000000e+00 3.139850157732913871e+00 1.684264909255521525e+00 2.409999999911341106e+01 3.499999999999983125e-01 0.000000000000000000e+00
0.000000000000000000e+00 0.000000000000000000e+00 8.381986251918648634e+01 0.000000000000000000e+00 0.000000000000000000e+00 3.153600198981904246e+00 1.663687072592137550e+00 2.409999999934599657e+01 3.499999999999988121e-01 0.000000000000000000e+00
0.000000000000000000e+00 0.000000000000000000e+00 8.393503999261389481e+01 0.000000000000000000e+00 0.000000000000000000e+00 3.166852276236345798e+00 1.642992662424797468e+00 2.409999999959167383e+01 3.499999999999993117e-01 0.000000000000000000e+00
0.000000000000000000e+00 0.000000000000000000e+00 8.404668618671450986e+01 0.000000000000000000e+00 0.000000000000000000e+00 3.179638798589236703e+00 1.622192953311388575e+00 2.409999999981842933e+01 3.499999999999997558e-01 0.000000000000000000e+00
0.000000000000000000e+00 0.000000000000000000e+00 8.415489880507789167e+01 0.000000000000000000e+00 0.000000000000000000e+00 3.191988467667798979e+00 1.601302882254109994e+00 2.409999999999986642e+01 3.500000000000000888e-01 0.000000000000000000e+00
0.000000000000000000e+00 0.000000000000000000e+00 8.425977805168241730e+01 0.000000000000000000e+00 0.000000000000000000e+00 3.203849479719907301e+00 1.580330505245366668e+00 2.410000000012001919e+01 3.500000000000003109e-01 0.000000000000000000e+00
0.000000000000000000e+00 0.000000000000000000e+00 8.436141715180330891e+01 0.000000000000000000e+00 0.000000000000000000e+00 3.215193214023242430e+00 1.559256789291729062e+00 2.410000000018727562e+01 3.500000000000003664e-01 0.000000000000000000e+00
0.000000000000000000e+00 0.000000000000000000e+00 8.445991158142876998e+01 0.000000000000000000e+00 0.000000000000000000e+00 3.226076926037610537e+00 1.538062502047513824e+00 2.410000000021416255e+01 3.500000000000004774e-01 0.000000000000000000e+00
0.000000000000000000e+00 0.000000000000000000e+00 8.455535016962291195e+01 0.000000000000000000e+00 0.000000000000000000e+00 3.236550237125931151e+00 1.516737620237937012e+00 2.410000000021141275e+01 3.500000000000004219e-01 0.000000000000000000e+00
0.000000000000000000e+00 0.000000000000000000e+00 8.464782377156667792e+01 0.000000000000000000e+00 0.000000000000000000e+00 3.246656882462299887e+00 1.495278197966933620e+00 2.410000000018825617e+01 3.500000000000004219e-01 0.000000000000000000e+00
0.000000000000000000e+00 0.000000000000000000e+00 8.473741691881811278e+01 0.000000000000000000e+00 0.000000000000000000e+00 3.256434502796634600e+00 1.473687110197130501e+00 2.410000000015250166e+01 3.500000000000001998e-01 0.000000000000000000e+00
0.000000000000000000e+00 0.000000000000000000e+00 8.482421596713935230e+01 0.000000000000000000e+00 0.000000000000000000e+00 3.265916175283831713e+00 1.451971172519388231e+00 2.410000000011077859e+01 3.500000000000000888e-01 0.000000000000000000e+00
0.000000000000000000e+00 0.000000000000000000e+00 8.490830126275986345e+01 0.000000000000000000e+00 0.000000000000000000e+00 3.275130131631439845e+00 1.430142155200858856e+00 2.410000000006860787e+01 3.500000000000000888e-01 0.000000000000000000e+00
0.000000000000000000e+00 0.000000000000000000e+00 8.498975479468444405e+01 0.000000000000000000e+00 0.000000000000000000e+00 3.284101110532949619e+00 1.408214104555771673e+00 2.410000000003057252e+01 3.499999999999999223e-01 0.000000000000000000e+00
0.000000000000000000e+00 0.000000000000000000e+00 8.506865284668310778e+01 0.000000000000000000e+00 0.000000000000000000e+00 3.292850013771741580e+00 1.386204579065025699e+00 2.410000000000043485e+01 3.499999999999999778e-01 0.000000000000000000e+00
0.000000000000000000e+00 0.000000000000000000e+00 8.514507318234487343e+01 0.000000000000000000e+00 0.000000000000000000e+00 3.301322243428725045e+00 1.364100870819362044e+00 2.409999999998042597e+01 3.499999999999999223e-01 0.000000000000000000e+00
0.000000000000000000e+00 0.000000000000000000e+00 8.521908895291005592e+01 0.000000000000000000e+00 0.000000000000000000e+00 3.309477639744615285e+00 1.341772635494511423e+00 2.409999999996912123e+01 3.499999999999998668e-01 0.000000000000000000e+00
0.000000000000000000e+00 0.000000000000000000e+00 8.529077144781793152e+01 0.000000000000000000e+00 0.000000000000000000e+00 3.317360094802689119e+00 1.319087309794794605e+00 2.409999999996448139e+01 3.499999999999999223e-01 0.000000000000000000e+00
0.000000000000000000e+00 0.000000000000000000e+00 8.536019237098714996e+01 0.000000000000000000e+00 0.000000000000000000e+00 3.325007433791339562e+00 1.295942749425602836e+00 2.409999999996472297e+01 3.499999999999999778e-01 0.000000000000000000e+00
0.000000000000000000e+00 0.000000000000000000e+00 8.542741843639016963e+01 0.000000000000000000e+00 0.000000000000000000e+00 3.332451548772429550e+00 1.272264720249103531e+00 2.409999999996835029e+01 3.500000000000000333e-01 0.000000000000000000e+00
0.000000000000000000e+00 0.000000000000000000e+00 8.549251749960441771e+01 0.000000000000000000e+00 0.000000000000000000e+00 3.339719749412597416e+00 1.248001071704687215e+00 2.409999999997407727e+01 3.499999999999999778e-01 0.000000000000000000e+00
0.000000000000000000e+00 0.000000000000000000e+00 8.555555269356489134e+01 0.000000000000000000e+00 0.000000000000000000e+00 3.346834715112077419e+00 1.223120449860944481e+00 2.409999999998084519e+01 3.500000000000000888e-01 0.000000000000000000e+00
0.000000000000000000e+00 0.000000000000000000e+00 8.561658818111453684e+01 0.000000000000000000e+00 0.000000000000000000e+00 3.353815675875101210e+00 1.197607183018110089e+00 2.409999999998773745e+01 3.500000000000000888e-01 0.000000000000000000e+00
0.000000000000000000e+00 0.000000000000000000e+00 8.567568365885217929e+01 0.000000000000000000e+00 0.000000000000000000e+00 3.360678270636090037e+00 1.171460826692774182e+00 2.409999999999400444e+01 3.499999999999999778e-01 0.000000000000000000e+00
0.000000000000000000e+00 0.000000000000000000e+00 8.573289975303127619e+01 0.000000000000000000e+00 0.000000000000000000e+00 3.367435591357850644e+00 1.144691596713185433e+00 2.409999999999906350e+01 3.500000000000000888e-01 0.000000000000000000e+00
0.000000000000000000e+00 0.000000000000000000e+00 8.578829286916402452e+01 0.000000000000000000e+00 0.000000000000000000e+00 3.374500751482903738e+00 1.117280930412200224e+00 2.410000000000247056e+01 3.500000000000000333e-01 0.000000000000000000e+00
0.000000000000000000e+00 0.000000000000000000e+00 8.584192025242833779e+01 0.000000000000000000e+00 0.000000000000000000e+00 3.382457082881485277e+00 1.088912805809682416e+00 2.410000000000437481e+01 3.499999999999999778e-01 0.000000000000000000e+00
0.000000000000000000e+00 0.000000000000000000e+00 8.589383516194692447e+01 0.000000000000000000e+00 0.000000000000000000e+00 3.390741715041778015e+00 1.059197615942547133e+00 2.410000000000513154e+01 3.499999999999999778e-01 0.000000000000000000e+00
0.000000000000000000e+00 0.000000000000000000e+00 8.594409161572126266e+01 0.000000000000000000e+00 0.000000000000000000e+00 3.398850211384977005e+00 1.027832453691772674e+00 2.410000000000506049e+01 3.500000000000000333e-01 0.000000000000000000e+00
0.000000000000000000e+00 0.000000000000000000e+00 8.599273986970295880e+01 0.000000000000000000e+00 0.000000000000000000e+00 3.406367425767536705e+00 9.931442498030252919e-01 2.410000000000442100e+01 3.500000000000000333e-01 0.000000000000000000e+00
0.000000000000000000e+00 0.000000000000000000e+00 8.603983086618093523e+01 0.000000000000000000e+00 0.000000000000000000e+00 3.412956895646944044e+00 9.486698282900801749e-01 2.410000000000343690e+01 3.500000000000000333e-01 0.000000000000000000e+00
0.000000000000000000e+00 0.000000000000000000e+00 8.608541199890454720e+01 0.000000000000000000e+00 0.000000000000000000e+00 3.418350123716910272e+00 8.889952068054020051e-01 2.410000000000229292e+01 3.499999999999999778e-01 0.000000000000000000e+00
0.000000000000000000e+00 0.000000000000000000e+00 8.612953128280432225e+01 0.000000000000000000e+00 0.000000000000000000e+00 3.422338166701031525e+00 8.111370972484421848e-01 2.410000000000115250e+01 3.499999999999999778e-01 0.000000000000000000e+00
0.000000000000000000e+00 0.000000000000000000e+00 8.617223338751308859e+01 0.000000000000000000e+00 0.000000000000000000e+00 3.424763188782306678e+00 7.142542184226104984e-01 2.410000000000013998e+01 3.499999999999998668e-01 0.000000000000000000e+00
0.000000000000000000e+00 0.000000000000000000e+00 8.621356354530144017e+01 0.000000000000000000e+00 0.000000000000000000e+00 3.425944968705463722e+00 5.993590023223854812e-01 2.409999999999936549e+01 3.499999999999999778e-01 0.000000000000000000e+00
0.000000000000000000e+00 0.000000000000000000e+00 8.625356383637573288e+01 0.000000000000000000e+00 0.000000000000000000e+00 3.426717749835129112e+00 4.690539484653468705e-01 2.409999999999890008e+01 3.499999999999999223e-01 0.000000000000000000e+00
0.000000000000000000e+00 0.000000000000000000e+00 8.629227685095662537e+01 0.000000000000000000e+00 0.000000000000000000e+00 3.427240589812619032e+00 3.272585734182718586e-01 2.409999999999882192e+01 3.499999999999999223e-01 0.000000000000000000e+00
0.000000000000000000e+00 0.000000000000000000e+00 8.632974221071212639e+01 0.000000000000000000e+00 0.000000000000000000e+00 3.427634440539375493e+00 1.789678981957633919e-01 2.409999999999918430e+01 3.500000000000000333e-01 0.000000000000000000e+00
0.000000000000000000e+00 0.000000000000000000e+00 8.636599999999999966e+01 0.000000000000000000e+00 0.000000000000000000e+00 3.427999999999999936e+00 3.000000000000002665e-02 2.410000000000000142e+01 3.499999999999999778e-01 0.000000000000000000e+00
