             Steady Pressure  Maximum Pressure  Minimum Pressure
0.000000            5.473706          5.498363          2.620224
2.282222            5.473826          5.498459          2.643693
4.564445            5.473946          5.498603          2.670603
6.846667            5.474089          5.498723          2.688346
9.128889            5.474221          5.498854          2.660452
...                      ...               ...               ...
4259.569824         1.999907          2.024919          1.790433
4259.569824         0.113949          0.158438          0.065384
4259.903158        -0.121937         -0.079293         -0.162090
4260.236491        -0.357846         -0.321767         -0.389209
4260.569824        -0.495644         -0.470968         -0.515240

[1821 rows x 3 columns]
              Steady Pressure  Maximum Pressure  Minimum Pressure
Distance (m)                                                     
0.000000             5.473706          5.498363          2.620224
2.282222             5.473826          5.498459          2.643693
4.564445             5.473946          5.498603          2.670603
6.846667             5.474089          5.498723          2.688346
9.128889             5.474221          5.498854          2.660452
...                       ...               ...               ...
6459.384640          3.168277          3.265262          2.930713
6461.930936          3.175893          3.267921          2.928618
6464.477232          3.183917          3.277093          2.942748
6467.023528          3.191940          3.299738          2.953107
6469.569824          3.199963          3.346693          2.951083

[2686 rows x 3 columns]
