5720.183  243 
5760.551  284 
5804.141  328 
5912.09   439  
5973.665  501 
6032.127  559 
6114.92   643 
6172.28   701  
6182.6217 712  
6203.493  735 
6416.307  950 
6457.28   993 
6588.54   1130
6662.27   1204
6677.28   1219
6752.8335 1298 
6871.29   1420
6911.23   1461
6937.66   1489
6965.43   1518
6989.66   1543
7030.25   1585
7067.218  1624
7125.82   1684
7147.04   1707
7168.9    1730
7206.98   1770
7272.94   1839
7311.716  1882 
7353.29   1924
7372.12   1944
7383.9805 1956
7435.37   2011
7503.8691 2083
7514.6514 2094
7567.74   2151
7635.11   2223
7724.2064 2317
7891.08   2496 
7948.176  2559
7978.97   2592
8006.1567 2621
8014.7857 2631
8103.6931 2727
8115.311  2740
8264.523  2903
8330.45   2976
8408.21   3062
8424.648  3080
